precallData.append[(0.0, 0.0, 0.0)]
precallData.append[(0.1, 0.9999000099990001, 0.00099999990000001)]
precallData.append[(0.2, 0.9999962963100136, 0.02699999730000027)]
precallData.append[(0.30000000000000004, 0.9999990291271561, 0.10299998970000103)]
precallData.append[(0.4, 0.9999995967743561, 0.2479999752000025)]
precallData.append[(0.5, 0.9950122206952069, 0.398999960100004)]
precallData.append[(0.6000000000000001, 0.9932316424311942, 0.5869999413000059)]
precallData.append[(0.7000000000000001, 0.9909089407713726, 0.6539999346000066)]
precallData.append[(0.8, 0.9871132748565368, 0.7659999234000077)]
precallData.append[(0.9, 0.9803239606106527, 0.8469999153000085)]
precallData.append[(1.0, 0.9711750586280423, 0.8759999124000087)]
precallData.append[(1.1, 0.9559747425602996, 0.9119999088000091)]
precallData.append[(1.2000000000000002, 0.9631900855633859, 0.9419999058000095)]
precallData.append[(1.3, 0.9378639866151469, 0.9659999034000096)]
precallData.append[(1.4000000000000001, 0.9479881307175534, 0.9659999034000096)]
precallData.append[(1.5, 0.9121183245033928, 0.9859999014000099)]
precallData.append[(1.6, 0.8941605023576185, 0.9799999020000099)]
precallData.append[(1.7000000000000002, 0.8775509425420637, 0.9889999011000099)]
precallData.append[(1.8, 0.8625755520678002, 0.9979999002000101)]
precallData.append[(1.9000000000000001, 0.8628471473222963, 0.99399990060001)]
precallData.append[(2.0, 0.8306921742541973, 0.99599990040001)]
precallData.append[(2.1, 0.830833264097228, 0.99699990030001)]
precallData.append[(2.2, 0.8173627504207411, 0.9979999002000101)]
precallData.append[(2.3000000000000003, 0.7876873885013901, 0.9979999002000101)]
precallData.append[(2.4000000000000004, 0.7704790749243373, 0.99699990030001)]
precallData.append[(2.5, 0.7528258664034766, 0.99899990010001)]
precallData.append[(2.6, 0.7562452114878719, 0.99899990010001)]
precallData.append[(2.7, 0.7151037426554229, 0.99899990010001)]
precallData.append[(2.8000000000000003, 0.7199423527759286, 0.99999990000001)]
precallData.append[(2.9000000000000004, 0.7060070172433204, 0.99899990010001)]
precallData.append[(3.0, 0.6939624778651994, 0.99999990000001)]
precallData.append[(3.1, 0.6858710091995193, 0.99999990000001)]
precallData.append[(3.2, 0.6770480245735935, 0.99999990000001)]
precallData.append[(3.3000000000000003, 0.6506180448524369, 0.99999990000001)]
precallData.append[(3.4000000000000004, 0.6501950162421967, 0.99999990000001)]
precallData.append[(3.5, 0.654450218949593, 0.99999990000001)]
precallData.append[(3.6, 0.6238302792370382, 0.99999990000001)]
precallData.append[(3.7, 0.6101280896810195, 0.99999990000001)]
precallData.append[(3.8000000000000003, 0.609756060380728, 0.99999990000001)]
precallData.append[(3.9000000000000004, 0.5963028863266019, 0.99999990000001)]
precallData.append[(4.0, 0.6002400600096003, 0.99999990000001)]
precallData.append[(4.1000000000000005, 0.5927681924855843, 0.99999990000001)]
precallData.append[(4.2, 0.5927681924855843, 0.99999990000001)]
precallData.append[(4.3, 0.5777007176371625, 0.99999990000001)]
precallData.append[(4.4, 0.5652910929739349, 0.99999990000001)]
precallData.append[(4.5, 0.5707762231292111, 0.99999990000001)]
precallData.append[(4.6000000000000005, 0.5558643381954231, 0.99999990000001)]
precallData.append[(4.7, 0.5537098253759787, 0.99999990000001)]